Wilmar Javier Becerra Aragón
Cod: 94539351

int main () 
{
    int a=-19200;
return 0;
}

R./
19200 ---> 100101100000000
32 31 30 29 28 27 26 25 24 23 22 21 20 19 18 17 16 15 14 13 12 11 10  9  8  7  6  5  4  3  2  1
 0  0  0  0  0  0  0  0  0  0  0  0  0  0  0  0  0  1  0  0  1  0  1  1  0  0  0  0  0  0  0  0
Complemento Negativo

 0  0  0  0  0  0  0  0  0  0  0  0  0  0  0  0  0  1  0  0  1  0  1  1  0  0  0  0  0  0  0  0
----------------------------****---------------------------------  -----------***--------------
 1  1  1  1  1  1  1  1  1  1  1  1  1  1  1  1  1  0  1  1  0  1  0  1  1  1  1  1  1  1  1  1
											      1
_______________________________________________________________________________________________

 1  1  1  1  1  1  1  1  1  1  1  1  1  1  1  1  1  0  1  1  0  1  1  0  0  0  0  0  0  0  0  0  
----------------------------****---------------------------------  -----------***--------------
                          -8388589					      256

Cmplemento Negativo de -8388589

 1  1  1  1  1  1  1  1  1  1  1  1  1  1  1  1  1  0  1  1  0  1 
 
 0  0  0  0  0  0  0  0  0  0  0  0  0  0  0  0  0  1  0  0  1  0
								1
_________________________________________________________________
 
 0  0  0  0  0  0  0  0  0  0  0  0  0  0  0  0  0  1  0  0  1  1
						   ------***-----
                                                         -19

SETHI -19, %l0;
 0R   %l0, 256, %l1